rows(20) cols(10)
0.171313 0.327091 0.051405 0.636984 0.373769 0.452129 0.191580 0.049825 0.686705 0.799353 
0.913121 0.744577 0.619701 0.513432 0.310806 0.753613 0.756269 0.675947 0.004692 0.846615 
0.185599 0.419970 0.071520 0.666659 0.731393 0.261718 0.716463 0.007615 0.284628 0.288841 
0.053188 0.455941 0.615933 0.104593 0.092925 0.989702 0.556721 0.284505 0.039526 0.243426 
0.083858 0.952648 0.988004 0.703559 0.466080 0.298809 0.457172 0.222349 0.974757 0.461864 
0.068964 0.160356 0.881834 0.140484 0.827015 0.613226 0.402202 0.543478 0.620842 0.686830 
0.832319 0.674029 0.142771 0.448252 0.778622 0.235696 0.437954 0.335343 0.520201 0.477480 
0.578770 0.604059 0.430128 0.566773 0.307619 0.896208 0.865582 0.764791 0.118556 0.840339 
0.226654 0.187520 0.000695 0.108488 0.328004 0.827710 0.721714 0.730206 0.371188 0.342556 
0.417037 0.203508 0.016585 0.559808 0.651760 0.795207 0.795504 0.089713 0.130551 0.315704 
0.567193 0.709320 0.919764 0.997321 0.276093 0.227382 0.893529 0.141676 0.992173 0.012086 
0.982015 0.218827 0.199606 0.982710 0.327315 0.527610 0.810420 0.049030 0.257817 0.181609 
0.391586 0.674853 0.385116 0.408171 0.234661 0.036876 0.203378 0.030164 0.126589 0.333929 
0.345869 0.693783 0.043249 0.265632 0.691104 0.319343 0.493015 0.584633 0.461018 0.485188 
0.596719 0.443034 0.704015 0.796325 0.425744 0.031330 0.323935 0.236164 0.080360 0.581752 
0.417773 0.471945 0.256605 0.802889 0.880116 0.491265 0.839765 0.083495 0.521430 0.966355 
0.417424 0.867298 0.660137 0.460673 0.132931 0.351242 0.780016 0.625946 0.935875 0.241035 
0.111133 0.532594 0.684068 0.815148 0.328918 0.109812 0.846478 0.652853 0.345976 0.926838 
0.234605 0.763749 0.398783 0.491210 0.566639 0.278900 0.982475 0.406404 0.362394 0.503905 
0.372759 0.779819 0.371203 0.032896 0.240492 0.504134 0.384138 0.020508 0.130080 0.320012 
