rows(20) cols(4)1.535809 1.455798 2.204555 1.899524
2.257292 2.516751 3.122695 2.251517
1.449921 1.367566 1.996421 1.450819
1.279663 1.330150 1.351149 0.933253
2.581215 2.261463 2.690085 2.195842
1.919088 2.135440 2.585499 1.815229
1.937676 1.823586 2.806489 1.820788
2.189942 2.441640 2.911545 2.296446
1.420766 1.409038 1.725409 1.287868
1.322846 1.379032 2.212015 1.371977
2.560310 2.008475 2.850598 1.979981
1.525977 1.472662 2.697709 1.604791
1.215198 1.171983 1.497933 1.123756
1.805622 1.749826 2.193619 1.688865
1.520408 1.861024 2.466762 1.805652
2.332341 2.280444 3.289556 2.511107
2.552120 2.031001 2.390637 1.902284
2.286657 2.454092 2.601032 2.498587
2.228788 2.025439 2.327717 1.895886
1.413208 1.179150 1.450382 0.936150
